29 00 10 
54 00 65 00 72 00 6d 00 6f 00 2d 00 44 00 41 00 4b 00 00 00 00 00 00 00 00 00 00 00 00 00 00 00 00 00 00 00 00 00 00 00 
5d 01 11 
00 00 00 00 
04
00
00
00
00
000000
401f0000
05
01
fa00
01000000
016201f1
28010a00
01000000
01000000
05000000
00060d00
00000005
0000
2800
3c00
0000
0f00
0000
0f00
077b49003a0050000000000000000000000000000000000000000000000000000000000000000000
00000000000000000000000000000000000000000000000000000000000000000000000000000000
000000726b024000000058fd2f06f7b3c27bc0726b020000000000101d0000001d000600000080001d00b8726b02c8706b0200006b0202100000c0726b0200006b02c0fa2f0620000000060000000210000000006b0200101d0030fd2f0600006b02000000000000000058fd2f06ba99c27b00006b02d01c6b0258fd2f06ba99c27b00006b0200000000c0726b02020000000c0000000400000078fd2f0670fd2f06c0726b02c0726b0288fd2f064244af6a00006b020000000088fd2f064244af6a00006b0200000000